{
 "cells": [
  {
   "cell_type": "code",
   "execution_count": 11,
   "metadata": {},
   "outputs": [],
   "source": [
    "import pandas as pd"
   ]
  },
  {
   "cell_type": "code",
   "execution_count": 12,
   "metadata": {},
   "outputs": [
    {
     "data": {
      "text/html": [
       "<div>\n",
       "<style scoped>\n",
       "    .dataframe tbody tr th:only-of-type {\n",
       "        vertical-align: middle;\n",
       "    }\n",
       "\n",
       "    .dataframe tbody tr th {\n",
       "        vertical-align: top;\n",
       "    }\n",
       "\n",
       "    .dataframe thead th {\n",
       "        text-align: right;\n",
       "    }\n",
       "</style>\n",
       "<table border=\"1\" class=\"dataframe\">\n",
       "  <thead>\n",
       "    <tr style=\"text-align: right;\">\n",
       "      <th></th>\n",
       "      <th>gender</th>\n",
       "      <th>SeniorCitizen</th>\n",
       "      <th>Partner</th>\n",
       "      <th>Dependents</th>\n",
       "      <th>tenure</th>\n",
       "      <th>PhoneService</th>\n",
       "      <th>MultipleLines</th>\n",
       "      <th>InternetService</th>\n",
       "      <th>OnlineSecurity</th>\n",
       "      <th>OnlineBackup</th>\n",
       "      <th>DeviceProtection</th>\n",
       "      <th>TechSupport</th>\n",
       "      <th>StreamingTV</th>\n",
       "      <th>StreamingMovies</th>\n",
       "      <th>Contract</th>\n",
       "      <th>PaperlessBilling</th>\n",
       "      <th>PaymentMethod</th>\n",
       "      <th>MonthlyCharges</th>\n",
       "      <th>TotalCharges</th>\n",
       "      <th>Discontinued</th>\n",
       "    </tr>\n",
       "  </thead>\n",
       "  <tbody>\n",
       "    <tr>\n",
       "      <th>gender</th>\n",
       "      <td>1.000000</td>\n",
       "      <td>0.008073</td>\n",
       "      <td>0.009551</td>\n",
       "      <td>0.012417</td>\n",
       "      <td>0.001303</td>\n",
       "      <td>0.003370</td>\n",
       "      <td>0.002732</td>\n",
       "      <td>0.013341</td>\n",
       "      <td>0.021219</td>\n",
       "      <td>0.026053</td>\n",
       "      <td>0.001623</td>\n",
       "      <td>0.005928</td>\n",
       "      <td>0.011089</td>\n",
       "      <td>0.021877</td>\n",
       "      <td>0.005647</td>\n",
       "      <td>0.009754</td>\n",
       "      <td>0.012644</td>\n",
       "      <td>0.018207</td>\n",
       "      <td>0.008722</td>\n",
       "      <td>0.009631</td>\n",
       "    </tr>\n",
       "    <tr>\n",
       "      <th>SeniorCitizen</th>\n",
       "      <td>0.008073</td>\n",
       "      <td>1.000000</td>\n",
       "      <td>0.020239</td>\n",
       "      <td>0.217319</td>\n",
       "      <td>0.012572</td>\n",
       "      <td>0.003733</td>\n",
       "      <td>0.132927</td>\n",
       "      <td>0.258179</td>\n",
       "      <td>0.036392</td>\n",
       "      <td>0.083243</td>\n",
       "      <td>0.066141</td>\n",
       "      <td>0.060677</td>\n",
       "      <td>0.114203</td>\n",
       "      <td>0.127778</td>\n",
       "      <td>0.144183</td>\n",
       "      <td>0.152691</td>\n",
       "      <td>0.123765</td>\n",
       "      <td>0.221116</td>\n",
       "      <td>0.101417</td>\n",
       "      <td>0.152333</td>\n",
       "    </tr>\n",
       "    <tr>\n",
       "      <th>Partner</th>\n",
       "      <td>0.009551</td>\n",
       "      <td>0.020239</td>\n",
       "      <td>1.000000</td>\n",
       "      <td>0.455667</td>\n",
       "      <td>0.390519</td>\n",
       "      <td>0.012353</td>\n",
       "      <td>0.132355</td>\n",
       "      <td>0.012196</td>\n",
       "      <td>0.145802</td>\n",
       "      <td>0.145222</td>\n",
       "      <td>0.164242</td>\n",
       "      <td>0.130221</td>\n",
       "      <td>0.128153</td>\n",
       "      <td>0.128924</td>\n",
       "      <td>0.292937</td>\n",
       "      <td>0.005536</td>\n",
       "      <td>0.073331</td>\n",
       "      <td>0.107451</td>\n",
       "      <td>0.328888</td>\n",
       "      <td>0.149772</td>\n",
       "    </tr>\n",
       "    <tr>\n",
       "      <th>Dependents</th>\n",
       "      <td>0.012417</td>\n",
       "      <td>0.217319</td>\n",
       "      <td>0.455667</td>\n",
       "      <td>1.000000</td>\n",
       "      <td>0.173546</td>\n",
       "      <td>0.004880</td>\n",
       "      <td>0.025823</td>\n",
       "      <td>0.170642</td>\n",
       "      <td>0.088028</td>\n",
       "      <td>0.027295</td>\n",
       "      <td>0.019454</td>\n",
       "      <td>0.071395</td>\n",
       "      <td>0.016420</td>\n",
       "      <td>0.033980</td>\n",
       "      <td>0.246460</td>\n",
       "      <td>0.107256</td>\n",
       "      <td>0.042604</td>\n",
       "      <td>0.106133</td>\n",
       "      <td>0.073305</td>\n",
       "      <td>0.164423</td>\n",
       "    </tr>\n",
       "    <tr>\n",
       "      <th>tenure</th>\n",
       "      <td>0.001303</td>\n",
       "      <td>0.012572</td>\n",
       "      <td>0.390519</td>\n",
       "      <td>0.173546</td>\n",
       "      <td>1.000000</td>\n",
       "      <td>0.005664</td>\n",
       "      <td>0.323454</td>\n",
       "      <td>0.031994</td>\n",
       "      <td>0.322909</td>\n",
       "      <td>0.355433</td>\n",
       "      <td>0.364115</td>\n",
       "      <td>0.315595</td>\n",
       "      <td>0.269620</td>\n",
       "      <td>0.287425</td>\n",
       "      <td>0.675561</td>\n",
       "      <td>0.008371</td>\n",
       "      <td>0.178442</td>\n",
       "      <td>0.243047</td>\n",
       "      <td>0.822232</td>\n",
       "      <td>0.346162</td>\n",
       "    </tr>\n",
       "    <tr>\n",
       "      <th>PhoneService</th>\n",
       "      <td>0.003370</td>\n",
       "      <td>0.003733</td>\n",
       "      <td>0.012353</td>\n",
       "      <td>0.004880</td>\n",
       "      <td>0.005664</td>\n",
       "      <td>1.000000</td>\n",
       "      <td>0.282494</td>\n",
       "      <td>0.092001</td>\n",
       "      <td>0.100599</td>\n",
       "      <td>0.047588</td>\n",
       "      <td>0.076204</td>\n",
       "      <td>0.110404</td>\n",
       "      <td>0.034595</td>\n",
       "      <td>0.044916</td>\n",
       "      <td>0.005943</td>\n",
       "      <td>0.017809</td>\n",
       "      <td>0.006076</td>\n",
       "      <td>0.243316</td>\n",
       "      <td>0.110667</td>\n",
       "      <td>0.015475</td>\n",
       "    </tr>\n",
       "    <tr>\n",
       "      <th>MultipleLines</th>\n",
       "      <td>0.002732</td>\n",
       "      <td>0.132927</td>\n",
       "      <td>0.132355</td>\n",
       "      <td>0.025823</td>\n",
       "      <td>0.323454</td>\n",
       "      <td>0.282494</td>\n",
       "      <td>1.000000</td>\n",
       "      <td>0.336383</td>\n",
       "      <td>0.094621</td>\n",
       "      <td>0.202651</td>\n",
       "      <td>0.189622</td>\n",
       "      <td>0.093341</td>\n",
       "      <td>0.242752</td>\n",
       "      <td>0.248214</td>\n",
       "      <td>0.103096</td>\n",
       "      <td>0.160323</td>\n",
       "      <td>0.175635</td>\n",
       "      <td>0.480858</td>\n",
       "      <td>0.457265</td>\n",
       "      <td>0.042783</td>\n",
       "    </tr>\n",
       "    <tr>\n",
       "      <th>InternetService</th>\n",
       "      <td>0.013341</td>\n",
       "      <td>0.258179</td>\n",
       "      <td>0.012196</td>\n",
       "      <td>0.170642</td>\n",
       "      <td>0.031994</td>\n",
       "      <td>0.092001</td>\n",
       "      <td>0.336383</td>\n",
       "      <td>1.000000</td>\n",
       "      <td>0.159941</td>\n",
       "      <td>0.317497</td>\n",
       "      <td>0.318912</td>\n",
       "      <td>0.163824</td>\n",
       "      <td>0.432982</td>\n",
       "      <td>0.424584</td>\n",
       "      <td>0.290223</td>\n",
       "      <td>0.369352</td>\n",
       "      <td>0.278659</td>\n",
       "      <td>0.907610</td>\n",
       "      <td>0.433785</td>\n",
       "      <td>0.315136</td>\n",
       "    </tr>\n",
       "    <tr>\n",
       "      <th>OnlineSecurity</th>\n",
       "      <td>0.021219</td>\n",
       "      <td>0.036392</td>\n",
       "      <td>0.145802</td>\n",
       "      <td>0.088028</td>\n",
       "      <td>0.322909</td>\n",
       "      <td>0.100599</td>\n",
       "      <td>0.094621</td>\n",
       "      <td>0.159941</td>\n",
       "      <td>1.000000</td>\n",
       "      <td>0.267796</td>\n",
       "      <td>0.280008</td>\n",
       "      <td>0.352704</td>\n",
       "      <td>0.173454</td>\n",
       "      <td>0.187105</td>\n",
       "      <td>0.238477</td>\n",
       "      <td>0.002719</td>\n",
       "      <td>0.075755</td>\n",
       "      <td>0.295424</td>\n",
       "      <td>0.409441</td>\n",
       "      <td>0.166189</td>\n",
       "    </tr>\n",
       "    <tr>\n",
       "      <th>OnlineBackup</th>\n",
       "      <td>0.026053</td>\n",
       "      <td>0.083243</td>\n",
       "      <td>0.145222</td>\n",
       "      <td>0.027295</td>\n",
       "      <td>0.355433</td>\n",
       "      <td>0.047588</td>\n",
       "      <td>0.202651</td>\n",
       "      <td>0.317497</td>\n",
       "      <td>0.267796</td>\n",
       "      <td>1.000000</td>\n",
       "      <td>0.296432</td>\n",
       "      <td>0.281876</td>\n",
       "      <td>0.283396</td>\n",
       "      <td>0.273657</td>\n",
       "      <td>0.149015</td>\n",
       "      <td>0.127219</td>\n",
       "      <td>0.138813</td>\n",
       "      <td>0.446669</td>\n",
       "      <td>0.510463</td>\n",
       "      <td>0.079824</td>\n",
       "    </tr>\n",
       "    <tr>\n",
       "      <th>DeviceProtection</th>\n",
       "      <td>0.001623</td>\n",
       "      <td>0.066141</td>\n",
       "      <td>0.164242</td>\n",
       "      <td>0.019454</td>\n",
       "      <td>0.364115</td>\n",
       "      <td>0.076204</td>\n",
       "      <td>0.189622</td>\n",
       "      <td>0.318912</td>\n",
       "      <td>0.280008</td>\n",
       "      <td>0.296432</td>\n",
       "      <td>1.000000</td>\n",
       "      <td>0.325480</td>\n",
       "      <td>0.387841</td>\n",
       "      <td>0.404086</td>\n",
       "      <td>0.212329</td>\n",
       "      <td>0.105251</td>\n",
       "      <td>0.159276</td>\n",
       "      <td>0.483339</td>\n",
       "      <td>0.528384</td>\n",
       "      <td>0.064107</td>\n",
       "    </tr>\n",
       "    <tr>\n",
       "      <th>TechSupport</th>\n",
       "      <td>0.005928</td>\n",
       "      <td>0.060677</td>\n",
       "      <td>0.130221</td>\n",
       "      <td>0.071395</td>\n",
       "      <td>0.315595</td>\n",
       "      <td>0.110404</td>\n",
       "      <td>0.093341</td>\n",
       "      <td>0.163824</td>\n",
       "      <td>0.352704</td>\n",
       "      <td>0.281876</td>\n",
       "      <td>0.325480</td>\n",
       "      <td>1.000000</td>\n",
       "      <td>0.271057</td>\n",
       "      <td>0.277009</td>\n",
       "      <td>0.284553</td>\n",
       "      <td>0.030911</td>\n",
       "      <td>0.067319</td>\n",
       "      <td>0.330721</td>\n",
       "      <td>0.423674</td>\n",
       "      <td>0.164201</td>\n",
       "    </tr>\n",
       "    <tr>\n",
       "      <th>StreamingTV</th>\n",
       "      <td>0.011089</td>\n",
       "      <td>0.114203</td>\n",
       "      <td>0.128153</td>\n",
       "      <td>0.016420</td>\n",
       "      <td>0.269620</td>\n",
       "      <td>0.034595</td>\n",
       "      <td>0.242752</td>\n",
       "      <td>0.432982</td>\n",
       "      <td>0.173454</td>\n",
       "      <td>0.283396</td>\n",
       "      <td>0.387841</td>\n",
       "      <td>0.271057</td>\n",
       "      <td>1.000000</td>\n",
       "      <td>0.527305</td>\n",
       "      <td>0.097224</td>\n",
       "      <td>0.225698</td>\n",
       "      <td>0.196961</td>\n",
       "      <td>0.626847</td>\n",
       "      <td>0.509001</td>\n",
       "      <td>0.079719</td>\n",
       "    </tr>\n",
       "    <tr>\n",
       "      <th>StreamingMovies</th>\n",
       "      <td>0.021877</td>\n",
       "      <td>0.127778</td>\n",
       "      <td>0.128924</td>\n",
       "      <td>0.033980</td>\n",
       "      <td>0.287425</td>\n",
       "      <td>0.044916</td>\n",
       "      <td>0.248214</td>\n",
       "      <td>0.424584</td>\n",
       "      <td>0.187105</td>\n",
       "      <td>0.273657</td>\n",
       "      <td>0.404086</td>\n",
       "      <td>0.277009</td>\n",
       "      <td>0.527305</td>\n",
       "      <td>1.000000</td>\n",
       "      <td>0.108792</td>\n",
       "      <td>0.206893</td>\n",
       "      <td>0.194089</td>\n",
       "      <td>0.621959</td>\n",
       "      <td>0.522517</td>\n",
       "      <td>0.058717</td>\n",
       "    </tr>\n",
       "    <tr>\n",
       "      <th>Contract</th>\n",
       "      <td>0.005647</td>\n",
       "      <td>0.144183</td>\n",
       "      <td>0.292937</td>\n",
       "      <td>0.246460</td>\n",
       "      <td>0.675561</td>\n",
       "      <td>0.005943</td>\n",
       "      <td>0.103096</td>\n",
       "      <td>0.290223</td>\n",
       "      <td>0.238477</td>\n",
       "      <td>0.149015</td>\n",
       "      <td>0.212329</td>\n",
       "      <td>0.284553</td>\n",
       "      <td>0.097224</td>\n",
       "      <td>0.108792</td>\n",
       "      <td>1.000000</td>\n",
       "      <td>0.167000</td>\n",
       "      <td>0.012245</td>\n",
       "      <td>0.079602</td>\n",
       "      <td>0.444091</td>\n",
       "      <td>0.390136</td>\n",
       "    </tr>\n",
       "    <tr>\n",
       "      <th>PaperlessBilling</th>\n",
       "      <td>0.009754</td>\n",
       "      <td>0.152691</td>\n",
       "      <td>0.005536</td>\n",
       "      <td>0.107256</td>\n",
       "      <td>0.008371</td>\n",
       "      <td>0.017809</td>\n",
       "      <td>0.160323</td>\n",
       "      <td>0.369352</td>\n",
       "      <td>0.002719</td>\n",
       "      <td>0.127219</td>\n",
       "      <td>0.105251</td>\n",
       "      <td>0.030911</td>\n",
       "      <td>0.225698</td>\n",
       "      <td>0.206893</td>\n",
       "      <td>0.167000</td>\n",
       "      <td>1.000000</td>\n",
       "      <td>0.151001</td>\n",
       "      <td>0.346293</td>\n",
       "      <td>0.159026</td>\n",
       "      <td>0.189711</td>\n",
       "    </tr>\n",
       "    <tr>\n",
       "      <th>PaymentMethod</th>\n",
       "      <td>0.012644</td>\n",
       "      <td>0.123765</td>\n",
       "      <td>0.073331</td>\n",
       "      <td>0.042604</td>\n",
       "      <td>0.178442</td>\n",
       "      <td>0.006076</td>\n",
       "      <td>0.175635</td>\n",
       "      <td>0.278659</td>\n",
       "      <td>0.075755</td>\n",
       "      <td>0.138813</td>\n",
       "      <td>0.159276</td>\n",
       "      <td>0.067319</td>\n",
       "      <td>0.196961</td>\n",
       "      <td>0.194089</td>\n",
       "      <td>0.012245</td>\n",
       "      <td>0.151001</td>\n",
       "      <td>1.000000</td>\n",
       "      <td>0.291951</td>\n",
       "      <td>0.232485</td>\n",
       "      <td>0.063651</td>\n",
       "    </tr>\n",
       "    <tr>\n",
       "      <th>MonthlyCharges</th>\n",
       "      <td>0.018207</td>\n",
       "      <td>0.221116</td>\n",
       "      <td>0.107451</td>\n",
       "      <td>0.106133</td>\n",
       "      <td>0.243047</td>\n",
       "      <td>0.243316</td>\n",
       "      <td>0.480858</td>\n",
       "      <td>0.907610</td>\n",
       "      <td>0.295424</td>\n",
       "      <td>0.446669</td>\n",
       "      <td>0.483339</td>\n",
       "      <td>0.330721</td>\n",
       "      <td>0.626847</td>\n",
       "      <td>0.621959</td>\n",
       "      <td>0.079602</td>\n",
       "      <td>0.346293</td>\n",
       "      <td>0.291951</td>\n",
       "      <td>1.000000</td>\n",
       "      <td>0.652652</td>\n",
       "      <td>0.196693</td>\n",
       "    </tr>\n",
       "    <tr>\n",
       "      <th>TotalCharges</th>\n",
       "      <td>0.008722</td>\n",
       "      <td>0.101417</td>\n",
       "      <td>0.328888</td>\n",
       "      <td>0.073305</td>\n",
       "      <td>0.822232</td>\n",
       "      <td>0.110667</td>\n",
       "      <td>0.457265</td>\n",
       "      <td>0.433785</td>\n",
       "      <td>0.409441</td>\n",
       "      <td>0.510463</td>\n",
       "      <td>0.528384</td>\n",
       "      <td>0.423674</td>\n",
       "      <td>0.509001</td>\n",
       "      <td>0.522517</td>\n",
       "      <td>0.444091</td>\n",
       "      <td>0.159026</td>\n",
       "      <td>0.232485</td>\n",
       "      <td>0.652652</td>\n",
       "      <td>1.000000</td>\n",
       "      <td>0.188471</td>\n",
       "    </tr>\n",
       "    <tr>\n",
       "      <th>Discontinued</th>\n",
       "      <td>0.009631</td>\n",
       "      <td>0.152333</td>\n",
       "      <td>0.149772</td>\n",
       "      <td>0.164423</td>\n",
       "      <td>0.346162</td>\n",
       "      <td>0.015475</td>\n",
       "      <td>0.042783</td>\n",
       "      <td>0.315136</td>\n",
       "      <td>0.166189</td>\n",
       "      <td>0.079824</td>\n",
       "      <td>0.064107</td>\n",
       "      <td>0.164201</td>\n",
       "      <td>0.079719</td>\n",
       "      <td>0.058717</td>\n",
       "      <td>0.390136</td>\n",
       "      <td>0.189711</td>\n",
       "      <td>0.063651</td>\n",
       "      <td>0.196693</td>\n",
       "      <td>0.188471</td>\n",
       "      <td>1.000000</td>\n",
       "    </tr>\n",
       "  </tbody>\n",
       "</table>\n",
       "</div>"
      ],
      "text/plain": [
       "                    gender  SeniorCitizen   Partner  Dependents    tenure  \\\n",
       "gender            1.000000       0.008073  0.009551    0.012417  0.001303   \n",
       "SeniorCitizen     0.008073       1.000000  0.020239    0.217319  0.012572   \n",
       "Partner           0.009551       0.020239  1.000000    0.455667  0.390519   \n",
       "Dependents        0.012417       0.217319  0.455667    1.000000  0.173546   \n",
       "tenure            0.001303       0.012572  0.390519    0.173546  1.000000   \n",
       "PhoneService      0.003370       0.003733  0.012353    0.004880  0.005664   \n",
       "MultipleLines     0.002732       0.132927  0.132355    0.025823  0.323454   \n",
       "InternetService   0.013341       0.258179  0.012196    0.170642  0.031994   \n",
       "OnlineSecurity    0.021219       0.036392  0.145802    0.088028  0.322909   \n",
       "OnlineBackup      0.026053       0.083243  0.145222    0.027295  0.355433   \n",
       "DeviceProtection  0.001623       0.066141  0.164242    0.019454  0.364115   \n",
       "TechSupport       0.005928       0.060677  0.130221    0.071395  0.315595   \n",
       "StreamingTV       0.011089       0.114203  0.128153    0.016420  0.269620   \n",
       "StreamingMovies   0.021877       0.127778  0.128924    0.033980  0.287425   \n",
       "Contract          0.005647       0.144183  0.292937    0.246460  0.675561   \n",
       "PaperlessBilling  0.009754       0.152691  0.005536    0.107256  0.008371   \n",
       "PaymentMethod     0.012644       0.123765  0.073331    0.042604  0.178442   \n",
       "MonthlyCharges    0.018207       0.221116  0.107451    0.106133  0.243047   \n",
       "TotalCharges      0.008722       0.101417  0.328888    0.073305  0.822232   \n",
       "Discontinued      0.009631       0.152333  0.149772    0.164423  0.346162   \n",
       "\n",
       "                  PhoneService  MultipleLines  InternetService  \\\n",
       "gender                0.003370       0.002732         0.013341   \n",
       "SeniorCitizen         0.003733       0.132927         0.258179   \n",
       "Partner               0.012353       0.132355         0.012196   \n",
       "Dependents            0.004880       0.025823         0.170642   \n",
       "tenure                0.005664       0.323454         0.031994   \n",
       "PhoneService          1.000000       0.282494         0.092001   \n",
       "MultipleLines         0.282494       1.000000         0.336383   \n",
       "InternetService       0.092001       0.336383         1.000000   \n",
       "OnlineSecurity        0.100599       0.094621         0.159941   \n",
       "OnlineBackup          0.047588       0.202651         0.317497   \n",
       "DeviceProtection      0.076204       0.189622         0.318912   \n",
       "TechSupport           0.110404       0.093341         0.163824   \n",
       "StreamingTV           0.034595       0.242752         0.432982   \n",
       "StreamingMovies       0.044916       0.248214         0.424584   \n",
       "Contract              0.005943       0.103096         0.290223   \n",
       "PaperlessBilling      0.017809       0.160323         0.369352   \n",
       "PaymentMethod         0.006076       0.175635         0.278659   \n",
       "MonthlyCharges        0.243316       0.480858         0.907610   \n",
       "TotalCharges          0.110667       0.457265         0.433785   \n",
       "Discontinued          0.015475       0.042783         0.315136   \n",
       "\n",
       "                  OnlineSecurity  OnlineBackup  DeviceProtection  TechSupport  \\\n",
       "gender                  0.021219      0.026053          0.001623     0.005928   \n",
       "SeniorCitizen           0.036392      0.083243          0.066141     0.060677   \n",
       "Partner                 0.145802      0.145222          0.164242     0.130221   \n",
       "Dependents              0.088028      0.027295          0.019454     0.071395   \n",
       "tenure                  0.322909      0.355433          0.364115     0.315595   \n",
       "PhoneService            0.100599      0.047588          0.076204     0.110404   \n",
       "MultipleLines           0.094621      0.202651          0.189622     0.093341   \n",
       "InternetService         0.159941      0.317497          0.318912     0.163824   \n",
       "OnlineSecurity          1.000000      0.267796          0.280008     0.352704   \n",
       "OnlineBackup            0.267796      1.000000          0.296432     0.281876   \n",
       "DeviceProtection        0.280008      0.296432          1.000000     0.325480   \n",
       "TechSupport             0.352704      0.281876          0.325480     1.000000   \n",
       "StreamingTV             0.173454      0.283396          0.387841     0.271057   \n",
       "StreamingMovies         0.187105      0.273657          0.404086     0.277009   \n",
       "Contract                0.238477      0.149015          0.212329     0.284553   \n",
       "PaperlessBilling        0.002719      0.127219          0.105251     0.030911   \n",
       "PaymentMethod           0.075755      0.138813          0.159276     0.067319   \n",
       "MonthlyCharges          0.295424      0.446669          0.483339     0.330721   \n",
       "TotalCharges            0.409441      0.510463          0.528384     0.423674   \n",
       "Discontinued            0.166189      0.079824          0.064107     0.164201   \n",
       "\n",
       "                  StreamingTV  StreamingMovies  Contract  PaperlessBilling  \\\n",
       "gender               0.011089         0.021877  0.005647          0.009754   \n",
       "SeniorCitizen        0.114203         0.127778  0.144183          0.152691   \n",
       "Partner              0.128153         0.128924  0.292937          0.005536   \n",
       "Dependents           0.016420         0.033980  0.246460          0.107256   \n",
       "tenure               0.269620         0.287425  0.675561          0.008371   \n",
       "PhoneService         0.034595         0.044916  0.005943          0.017809   \n",
       "MultipleLines        0.242752         0.248214  0.103096          0.160323   \n",
       "InternetService      0.432982         0.424584  0.290223          0.369352   \n",
       "OnlineSecurity       0.173454         0.187105  0.238477          0.002719   \n",
       "OnlineBackup         0.283396         0.273657  0.149015          0.127219   \n",
       "DeviceProtection     0.387841         0.404086  0.212329          0.105251   \n",
       "TechSupport          0.271057         0.277009  0.284553          0.030911   \n",
       "StreamingTV          1.000000         0.527305  0.097224          0.225698   \n",
       "StreamingMovies      0.527305         1.000000  0.108792          0.206893   \n",
       "Contract             0.097224         0.108792  1.000000          0.167000   \n",
       "PaperlessBilling     0.225698         0.206893  0.167000          1.000000   \n",
       "PaymentMethod        0.196961         0.194089  0.012245          0.151001   \n",
       "MonthlyCharges       0.626847         0.621959  0.079602          0.346293   \n",
       "TotalCharges         0.509001         0.522517  0.444091          0.159026   \n",
       "Discontinued         0.079719         0.058717  0.390136          0.189711   \n",
       "\n",
       "                  PaymentMethod  MonthlyCharges  TotalCharges  Discontinued  \n",
       "gender                 0.012644        0.018207      0.008722      0.009631  \n",
       "SeniorCitizen          0.123765        0.221116      0.101417      0.152333  \n",
       "Partner                0.073331        0.107451      0.328888      0.149772  \n",
       "Dependents             0.042604        0.106133      0.073305      0.164423  \n",
       "tenure                 0.178442        0.243047      0.822232      0.346162  \n",
       "PhoneService           0.006076        0.243316      0.110667      0.015475  \n",
       "MultipleLines          0.175635        0.480858      0.457265      0.042783  \n",
       "InternetService        0.278659        0.907610      0.433785      0.315136  \n",
       "OnlineSecurity         0.075755        0.295424      0.409441      0.166189  \n",
       "OnlineBackup           0.138813        0.446669      0.510463      0.079824  \n",
       "DeviceProtection       0.159276        0.483339      0.528384      0.064107  \n",
       "TechSupport            0.067319        0.330721      0.423674      0.164201  \n",
       "StreamingTV            0.196961        0.626847      0.509001      0.079719  \n",
       "StreamingMovies        0.194089        0.621959      0.522517      0.058717  \n",
       "Contract               0.012245        0.079602      0.444091      0.390136  \n",
       "PaperlessBilling       0.151001        0.346293      0.159026      0.189711  \n",
       "PaymentMethod          1.000000        0.291951      0.232485      0.063651  \n",
       "MonthlyCharges         0.291951        1.000000      0.652652      0.196693  \n",
       "TotalCharges           0.232485        0.652652      1.000000      0.188471  \n",
       "Discontinued           0.063651        0.196693      0.188471      1.000000  "
      ]
     },
     "execution_count": 12,
     "metadata": {},
     "output_type": "execute_result"
    }
   ],
   "source": [
    "def numerize_csv(path: str):\n",
    "    ''' Takes in a path to a project csv and converts its entries to numerical '''\n",
    "    df = pd.read_csv(path)\n",
    "    df['gender'] = (df['gender'] == 'Female').astype(int)\n",
    "\n",
    "    for header in ['Partner', 'Dependents', 'PhoneService', 'PaperlessBilling', \\\n",
    "                'Discontinued']:\n",
    "        df[header] = (df[header] == 'Yes').astype(int)\n",
    "\n",
    "    for header in ['MultipleLines', 'OnlineSecurity', 'OnlineBackup', \\\n",
    "                'DeviceProtection', 'TechSupport', 'StreamingTV', 'StreamingMovies']:\n",
    "        # some here have the value no phone/internet service, which are casted to 0\n",
    "        df[header] = (df[header] == 'Yes').astype(int)\n",
    "\n",
    "    for header in ['MonthlyCharges', 'TotalCharges', 'tenure']:\n",
    "        # lines that need normalization\n",
    "        df[header] /= (max(df[header]) - min(df[header]))\n",
    "\n",
    "    df['InternetService'] = df['InternetService'].map({'Fiber optic': 2, 'DSL': 1, 'No': 0})\n",
    "    df['Contract'] = df['Contract'].map({'Two year': 2, 'One year': 1, 'Month-to-month': 0})\n",
    "    # Note that the PaymentMethod column contains some entries that are marked automatic\n",
    "    # that's probably correlated with discontinuation in some way.\n",
    "    df['PaymentMethod'] = df['PaymentMethod'].map({\n",
    "        'Credit card (automatic)': 3,\n",
    "        'Electronic check': 2,\n",
    "        'Bank transfer (automatic)': 1,\n",
    "        'Mailed check': 0})\n",
    "    df.drop('customerID', axis=1, inplace=True)\n",
    "    df.dropna(inplace=True)\n",
    "    return df\n",
    "    \n",
    "raw = numerize_csv('train.csv')\n",
    "raw.corr().abs()"
   ]
  },
  {
   "cell_type": "code",
   "execution_count": null,
   "metadata": {},
   "outputs": [],
   "source": []
  },
  {
   "cell_type": "code",
   "execution_count": 13,
   "metadata": {},
   "outputs": [
    {
     "data": {
      "text/html": [
       "<div>\n",
       "<style scoped>\n",
       "    .dataframe tbody tr th:only-of-type {\n",
       "        vertical-align: middle;\n",
       "    }\n",
       "\n",
       "    .dataframe tbody tr th {\n",
       "        vertical-align: top;\n",
       "    }\n",
       "\n",
       "    .dataframe thead th {\n",
       "        text-align: right;\n",
       "    }\n",
       "</style>\n",
       "<table border=\"1\" class=\"dataframe\">\n",
       "  <thead>\n",
       "    <tr style=\"text-align: right;\">\n",
       "      <th></th>\n",
       "      <th>Discontinued</th>\n",
       "      <th>gender</th>\n",
       "      <th>SeniorCitizen</th>\n",
       "      <th>Partner</th>\n",
       "      <th>Dependents</th>\n",
       "      <th>tenure</th>\n",
       "      <th>InternetService</th>\n",
       "      <th>Contract</th>\n",
       "      <th>PaperlessBilling</th>\n",
       "      <th>PaymentMethod</th>\n",
       "      <th>MonthlyCharges</th>\n",
       "      <th>TotalCharges</th>\n",
       "      <th>PhoneUsageScore</th>\n",
       "      <th>InternetSecurityScore</th>\n",
       "      <th>InternetStreamingScore</th>\n",
       "    </tr>\n",
       "  </thead>\n",
       "  <tbody>\n",
       "    <tr>\n",
       "      <th>0</th>\n",
       "      <td>1</td>\n",
       "      <td>1</td>\n",
       "      <td>0</td>\n",
       "      <td>0</td>\n",
       "      <td>0</td>\n",
       "      <td>0.013889</td>\n",
       "      <td>2</td>\n",
       "      <td>0</td>\n",
       "      <td>0</td>\n",
       "      <td>2</td>\n",
       "      <td>0.701493</td>\n",
       "      <td>0.008135</td>\n",
       "      <td>0.7</td>\n",
       "      <td>0.00</td>\n",
       "      <td>0.0</td>\n",
       "    </tr>\n",
       "    <tr>\n",
       "      <th>1</th>\n",
       "      <td>0</td>\n",
       "      <td>1</td>\n",
       "      <td>0</td>\n",
       "      <td>0</td>\n",
       "      <td>0</td>\n",
       "      <td>0.208333</td>\n",
       "      <td>1</td>\n",
       "      <td>1</td>\n",
       "      <td>0</td>\n",
       "      <td>0</td>\n",
       "      <td>0.558706</td>\n",
       "      <td>0.107536</td>\n",
       "      <td>0.7</td>\n",
       "      <td>0.00</td>\n",
       "      <td>0.5</td>\n",
       "    </tr>\n",
       "    <tr>\n",
       "      <th>2</th>\n",
       "      <td>1</td>\n",
       "      <td>0</td>\n",
       "      <td>0</td>\n",
       "      <td>1</td>\n",
       "      <td>1</td>\n",
       "      <td>0.166667</td>\n",
       "      <td>1</td>\n",
       "      <td>1</td>\n",
       "      <td>0</td>\n",
       "      <td>3</td>\n",
       "      <td>0.533831</td>\n",
       "      <td>0.080355</td>\n",
       "      <td>0.7</td>\n",
       "      <td>0.00</td>\n",
       "      <td>0.5</td>\n",
       "    </tr>\n",
       "    <tr>\n",
       "      <th>3</th>\n",
       "      <td>1</td>\n",
       "      <td>1</td>\n",
       "      <td>0</td>\n",
       "      <td>0</td>\n",
       "      <td>0</td>\n",
       "      <td>0.305556</td>\n",
       "      <td>2</td>\n",
       "      <td>0</td>\n",
       "      <td>1</td>\n",
       "      <td>0</td>\n",
       "      <td>0.838806</td>\n",
       "      <td>0.214131</td>\n",
       "      <td>0.7</td>\n",
       "      <td>0.25</td>\n",
       "      <td>0.5</td>\n",
       "    </tr>\n",
       "    <tr>\n",
       "      <th>4</th>\n",
       "      <td>1</td>\n",
       "      <td>0</td>\n",
       "      <td>0</td>\n",
       "      <td>0</td>\n",
       "      <td>0</td>\n",
       "      <td>0.027778</td>\n",
       "      <td>1</td>\n",
       "      <td>0</td>\n",
       "      <td>1</td>\n",
       "      <td>2</td>\n",
       "      <td>0.490050</td>\n",
       "      <td>0.010426</td>\n",
       "      <td>0.0</td>\n",
       "      <td>0.25</td>\n",
       "      <td>1.0</td>\n",
       "    </tr>\n",
       "    <tr>\n",
       "      <th>...</th>\n",
       "      <td>...</td>\n",
       "      <td>...</td>\n",
       "      <td>...</td>\n",
       "      <td>...</td>\n",
       "      <td>...</td>\n",
       "      <td>...</td>\n",
       "      <td>...</td>\n",
       "      <td>...</td>\n",
       "      <td>...</td>\n",
       "      <td>...</td>\n",
       "      <td>...</td>\n",
       "      <td>...</td>\n",
       "      <td>...</td>\n",
       "      <td>...</td>\n",
       "      <td>...</td>\n",
       "    </tr>\n",
       "    <tr>\n",
       "      <th>5338</th>\n",
       "      <td>1</td>\n",
       "      <td>1</td>\n",
       "      <td>1</td>\n",
       "      <td>0</td>\n",
       "      <td>1</td>\n",
       "      <td>0.013889</td>\n",
       "      <td>2</td>\n",
       "      <td>0</td>\n",
       "      <td>1</td>\n",
       "      <td>2</td>\n",
       "      <td>0.706468</td>\n",
       "      <td>0.008193</td>\n",
       "      <td>0.7</td>\n",
       "      <td>0.00</td>\n",
       "      <td>0.0</td>\n",
       "    </tr>\n",
       "    <tr>\n",
       "      <th>5339</th>\n",
       "      <td>0</td>\n",
       "      <td>1</td>\n",
       "      <td>0</td>\n",
       "      <td>1</td>\n",
       "      <td>0</td>\n",
       "      <td>1.000000</td>\n",
       "      <td>2</td>\n",
       "      <td>2</td>\n",
       "      <td>1</td>\n",
       "      <td>1</td>\n",
       "      <td>0.977114</td>\n",
       "      <td>0.809594</td>\n",
       "      <td>1.0</td>\n",
       "      <td>0.75</td>\n",
       "      <td>0.5</td>\n",
       "    </tr>\n",
       "    <tr>\n",
       "      <th>5340</th>\n",
       "      <td>1</td>\n",
       "      <td>0</td>\n",
       "      <td>1</td>\n",
       "      <td>0</td>\n",
       "      <td>0</td>\n",
       "      <td>0.069444</td>\n",
       "      <td>2</td>\n",
       "      <td>0</td>\n",
       "      <td>1</td>\n",
       "      <td>0</td>\n",
       "      <td>0.699005</td>\n",
       "      <td>0.038299</td>\n",
       "      <td>0.7</td>\n",
       "      <td>0.00</td>\n",
       "      <td>0.0</td>\n",
       "    </tr>\n",
       "    <tr>\n",
       "      <th>5341</th>\n",
       "      <td>0</td>\n",
       "      <td>0</td>\n",
       "      <td>0</td>\n",
       "      <td>1</td>\n",
       "      <td>1</td>\n",
       "      <td>0.638889</td>\n",
       "      <td>0</td>\n",
       "      <td>1</td>\n",
       "      <td>1</td>\n",
       "      <td>1</td>\n",
       "      <td>0.200995</td>\n",
       "      <td>0.097577</td>\n",
       "      <td>0.7</td>\n",
       "      <td>0.00</td>\n",
       "      <td>0.0</td>\n",
       "    </tr>\n",
       "    <tr>\n",
       "      <th>5342</th>\n",
       "      <td>1</td>\n",
       "      <td>1</td>\n",
       "      <td>1</td>\n",
       "      <td>0</td>\n",
       "      <td>0</td>\n",
       "      <td>0.041667</td>\n",
       "      <td>2</td>\n",
       "      <td>0</td>\n",
       "      <td>1</td>\n",
       "      <td>2</td>\n",
       "      <td>0.864179</td>\n",
       "      <td>0.025496</td>\n",
       "      <td>0.7</td>\n",
       "      <td>0.25</td>\n",
       "      <td>0.5</td>\n",
       "    </tr>\n",
       "  </tbody>\n",
       "</table>\n",
       "<p>5335 rows × 15 columns</p>\n",
       "</div>"
      ],
      "text/plain": [
       "      Discontinued  gender  SeniorCitizen  Partner  Dependents    tenure  \\\n",
       "0                1       1              0        0           0  0.013889   \n",
       "1                0       1              0        0           0  0.208333   \n",
       "2                1       0              0        1           1  0.166667   \n",
       "3                1       1              0        0           0  0.305556   \n",
       "4                1       0              0        0           0  0.027778   \n",
       "...            ...     ...            ...      ...         ...       ...   \n",
       "5338             1       1              1        0           1  0.013889   \n",
       "5339             0       1              0        1           0  1.000000   \n",
       "5340             1       0              1        0           0  0.069444   \n",
       "5341             0       0              0        1           1  0.638889   \n",
       "5342             1       1              1        0           0  0.041667   \n",
       "\n",
       "      InternetService  Contract  PaperlessBilling  PaymentMethod  \\\n",
       "0                   2         0                 0              2   \n",
       "1                   1         1                 0              0   \n",
       "2                   1         1                 0              3   \n",
       "3                   2         0                 1              0   \n",
       "4                   1         0                 1              2   \n",
       "...               ...       ...               ...            ...   \n",
       "5338                2         0                 1              2   \n",
       "5339                2         2                 1              1   \n",
       "5340                2         0                 1              0   \n",
       "5341                0         1                 1              1   \n",
       "5342                2         0                 1              2   \n",
       "\n",
       "      MonthlyCharges  TotalCharges  PhoneUsageScore  InternetSecurityScore  \\\n",
       "0           0.701493      0.008135              0.7                   0.00   \n",
       "1           0.558706      0.107536              0.7                   0.00   \n",
       "2           0.533831      0.080355              0.7                   0.00   \n",
       "3           0.838806      0.214131              0.7                   0.25   \n",
       "4           0.490050      0.010426              0.0                   0.25   \n",
       "...              ...           ...              ...                    ...   \n",
       "5338        0.706468      0.008193              0.7                   0.00   \n",
       "5339        0.977114      0.809594              1.0                   0.75   \n",
       "5340        0.699005      0.038299              0.7                   0.00   \n",
       "5341        0.200995      0.097577              0.7                   0.00   \n",
       "5342        0.864179      0.025496              0.7                   0.25   \n",
       "\n",
       "      InternetStreamingScore  \n",
       "0                        0.0  \n",
       "1                        0.5  \n",
       "2                        0.5  \n",
       "3                        0.5  \n",
       "4                        1.0  \n",
