{
 "cells": [
  {
   "cell_type": "code",
   "execution_count": 21,
   "metadata": {},
   "outputs": [],
   "source": [
    "from utils import *"
   ]
  },
  {
   "cell_type": "code",
   "execution_count": 22,
   "metadata": {},
   "outputs": [],
   "source": [
    "def random_forest_predict():\n",
    "    from sklearn.ensemble import RandomForestClassifier\n",
    "\n",
    "    combined = combine_related_columns(numerize_csv('train.csv', train=True, expand_classes=False))\n",
    "    Y = combined['Discontinued']\n",
    "    X = combined.drop('Discontinued', axis=1)\n",
    "\n",
    "    # results of extensive testing\n",
    "    model = RandomForestClassifier(n_estimators=1000, random_state=42, criterion='entropy')\n",
    "    model.set_params(min_samples_leaf=7, max_features=1)\n",
    "    model.fit(X, Y)\n",
    "\n",
    "    X_test = combine_related_columns(numerize_csv(path='test.csv', train=False))\n",
    "    return model.predict_proba(X_test)[:, 1]\n",
    "\n",
    "# write_submission(random_forest_predict())"
   ]
  },
  {
   "cell_type": "code",
   "execution_count": 23,
   "metadata": {},
   "outputs": [],
   "source": [
    "def random_forest_test():\n",
    "    from sklearn.ensemble import RandomForestClassifier\n",
    "    from sklearn.metrics import roc_auc_score\n",
    "    from sklearn.model_selection import train_test_split\n",
    "\n",
    "    combined = numerize_csv('train.csv', train=True, expand_classes=False)\n",
    "    combined.drop('gender', axis=1, inplace=True)\n",
    "    Y = combined['Discontinued']\n",
    "    X = combined.drop('Discontinued', axis=1)\n",
    "    X_train, X_test, y_train, y_test = train_test_split(X, Y, random_state=0, train_size = 0.8)\n",
    "\n",
    "\n",
    "    # results of extensive testing\n",
    "    model = RandomForestClassifier(n_estimators=1000, random_state=42, criterion='entropy')\n",
    "    model.set_params(min_samples_leaf=7, max_features=1)\n",
    "    model.fit(X_train, y_train)\n",
    "    y_test_preds = model.predict_proba(X_test)[:, 1]\n",
    "    y_train_preds = model.predict_proba(X_train)[:, 1]\n",
    "    # Calculate accuracy on the training set\n",
    "    # testing_accuracy = accuracy_score(y_test, y_test_preds)\n",
    "    # training_accuracy = accuracy_score(y_train, y_train_preds)\n",
    "    testing_roc = roc_auc_score(y_test, y_test_preds)\n",
    "    training_roc = roc_auc_score(y_train, y_train_preds)\n",
    "    # print(testing_roc)\n",
    "    # print(training_roc)\n",
    "    return model\n",
    "\n",
    "model = random_forest_test()"
   ]
  },
  {
   "cell_type": "code",
   "execution_count": 32,
   "metadata": {},
   "outputs": [
    {
     "data": {
      "text/html": [
       "<div>\n",
       "<style scoped>\n",
       "    .dataframe tbody tr th:only-of-type {\n",
       "        vertical-align: middle;\n",
       "    }\n",
       "\n",
       "    .dataframe tbody tr th {\n",
       "        vertical-align: top;\n",
       "    }\n",
       "\n",
       "    .dataframe thead th {\n",
       "        text-align: right;\n",
       "    }\n",
       "</style>\n",
       "<table border=\"1\" class=\"dataframe\">\n",
       "  <thead>\n",
       "    <tr style=\"text-align: right;\">\n",
       "      <th></th>\n",
       "      <th>gender</th>\n",
       "      <th>SeniorCitizen</th>\n",
       "      <th>Partner</th>\n",
       "      <th>Dependents</th>\n",
       "      <th>tenure</th>\n",
       "      <th>PhoneService</th>\n",
       "      <th>MultipleLines</th>\n",
       "      <th>InternetService</th>\n",
       "      <th>OnlineSecurity</th>\n",
       "      <th>OnlineBackup</th>\n",
       "      <th>DeviceProtection</th>\n",
       "      <th>TechSupport</th>\n",
       "      <th>StreamingTV</th>\n",
       "      <th>StreamingMovies</th>\n",
       "      <th>Contract</th>\n",
       "      <th>PaperlessBilling</th>\n",
       "      <th>PaymentMethod</th>\n",
       "      <th>MonthlyCharges</th>\n",
       "      <th>TotalCharges</th>\n",
       "      <th>Discontinued</th>\n",
       "    </tr>\n",
       "  </thead>\n",
       "  <tbody>\n",
       "    <tr>\n",
       "      <th>gender</th>\n",
       "      <td>1.000000</td>\n",
       "      <td>0.008058</td>\n",
       "      <td>0.009926</td>\n",
       "      <td>-0.012358</td>\n",
       "      <td>0.001276</td>\n",
       "      <td>0.002100</td>\n",
       "      <td>0.001972</td>\n",
       "      <td>0.013781</td>\n",
       "      <td>0.021603</td>\n",
       "      <td>0.026409</td>\n",
       "      <td>-0.000435</td>\n",
       "      <td>0.006752</td>\n",
       "      <td>0.012226</td>\n",
       "      <td>0.021835</td>\n",
       "      <td>0.005900</td>\n",
       "      <td>0.009350</td>\n",
       "      <td>0.011393</td>\n",
       "      <td>0.018596</td>\n",
       "      <td>0.008690</td>\n",
       "      <td>0.009610</td>\n",
       "    </tr>\n",
       "    <tr>\n",
       "      <th>SeniorCitizen</th>\n",
       "      <td>0.008058</td>\n",
       "      <td>1.000000</td>\n",
       "      <td>0.019705</td>\n",
       "      <td>-0.217911</td>\n",
       "      <td>0.013427</td>\n",
       "      <td>-0.003393</td>\n",
       "      <td>0.132697</td>\n",
       "      <td>0.258504</td>\n",
       "      <td>-0.036485</td>\n",
       "      <td>0.083121</td>\n",
       "      <td>0.066034</td>\n",
       "      <td>-0.060911</td>\n",
       "      <td>0.114115</td>\n",
       "      <td>0.128221</td>\n",
       "      <td>-0.143814</td>\n",
       "      <td>0.152825</td>\n",
       "      <td>-0.004485</td>\n",
       "      <td>0.221413</td>\n",
       "      <td>0.101990</td>\n",
       "      <td>0.152664</td>\n",
       "    </tr>\n",
       "    <tr>\n",
       "      <th>Partner</th>\n",
       "      <td>0.009926</td>\n",
       "      <td>0.019705</td>\n",
       "      <td>1.000000</td>\n",
       "      <td>0.456296</td>\n",
       "      <td>0.388151</td>\n",
       "      <td>0.011418</td>\n",
       "      <td>0.131955</td>\n",
       "      <td>0.010862</td>\n",
       "      <td>0.145272</td>\n",
       "      <td>0.144580</td>\n",
       "      <td>0.164363</td>\n",
       "      <td>0.130111</td>\n",
       "      <td>0.128223</td>\n",
       "      <td>0.127838</td>\n",
       "      <td>0.292177</td>\n",
       "      <td>-0.006516</td>\n",
       "      <td>0.162344</td>\n",
       "      <td>0.106155</td>\n",
       "      <td>0.327202</td>\n",
       "      <td>-0.150313</td>\n",
       "    </tr>\n",
       "    <tr>\n",
       "      <th>Dependents</th>\n",
       "      <td>-0.012358</td>\n",
       "      <td>-0.217911</td>\n",
       "      <td>0.456296</td>\n",
       "      <td>1.000000</td>\n",
       "      <td>0.170039</td>\n",
       "      <td>-0.006000</td>\n",
       "      <td>-0.025398</td>\n",
       "      <td>-0.172260</td>\n",
       "      <td>0.088248</td>\n",
       "      <td>0.027380</td>\n",
       "      <td>0.019564</td>\n",
       "      <td>0.072248</td>\n",
       "      <td>-0.016426</td>\n",
       "      <td>-0.035688</td>\n",
       "      <td>0.244898</td>\n",
       "      <td>-0.107969</td>\n",
       "      <td>0.077339</td>\n",
       "      <td>-0.107569</td>\n",
       "      <td>0.070856</td>\n",
       "      <td>-0.165446</td>\n",
       "    </tr>\n",
       "    <tr>\n",
       "      <th>tenure</th>\n",
       "      <td>0.001276</td>\n",
       "      <td>0.013427</td>\n",
       "      <td>0.388151</td>\n",
       "      <td>0.170039</td>\n",
       "      <td>1.000000</td>\n",
       "      <td>0.006648</td>\n",
       "      <td>0.322456</td>\n",
       "      <td>0.033743</td>\n",
       "      <td>0.321803</td>\n",
       "      <td>0.354553</td>\n",
       "      <td>0.363212</td>\n",
       "      <td>0.313915</td>\n",
       "      <td>0.269105</td>\n",
       "      <td>0.288481</td>\n",
       "      <td>0.671170</td>\n",
       "      <td>0.009223</td>\n",
       "      <td>0.389974</td>\n",
       "      <td>0.244038</td>\n",
       "      <td>0.822525</td>\n",
       "      <td>-0.344429</td>\n",
       "    </tr>\n",
       "    <tr>\n",
       "      <th>PhoneService</th>\n",
       "      <td>0.002100</td>\n",
       "      <td>-0.003393</td>\n",
       "      <td>0.011418</td>\n",
       "      <td>-0.006000</td>\n",
       "      <td>0.006648</td>\n",
       "      <td>1.000000</td>\n",
       "      <td>0.282921</td>\n",
       "      <td>0.091643</td>\n",
       "      <td>-0.102215</td>\n",
       "      <td>-0.047848</td>\n",
       "      <td>-0.077713</td>\n",
       "      <td>-0.111825</td>\n",
       "      <td>-0.036102</td>\n",
       "      <td>-0.044218</td>\n",
       "      <td>-0.008827</td>\n",
       "      <td>0.017776</td>\n",
       "      <td>0.001567</td>\n",
       "      <td>0.242753</td>\n",
       "      <td>0.111149</td>\n",
       "      <td>0.015895</td>\n",
       "    </tr>\n",
       "    <tr>\n",
       "      <th>MultipleLines</th>\n",
       "      <td>0.001972</td>\n",
       "      <td>0.132697</td>\n",
       "      <td>0.131955</td>\n",
       "      <td>-0.025398</td>\n",
       "      <td>0.322456</td>\n",
       "      <td>0.282921</td>\n",
       "      <td>1.000000</td>\n",
       "      <td>0.335583</td>\n",
       "      <td>0.094090</td>\n",
       "      <td>0.202748</td>\n",
       "      <td>0.188941</td>\n",
       "      <td>0.093279</td>\n",
       "      <td>0.241986</td>\n",
       "      <td>0.247713</td>\n",
       "      <td>0.094907</td>\n",
       "      <td>0.159566</td>\n",
       "      <td>0.132071</td>\n",
       "      <td>0.480175</td>\n",
       "      <td>0.456315</td>\n",
       "      <td>0.042595</td>\n",
       "    </tr>\n",
       "    <tr>\n",
       "      <th>InternetService</th>\n",
       "      <td>0.013781</td>\n",
       "      <td>0.258504</td>\n",
       "      <td>0.010862</td>\n",
       "      <td>-0.172260</td>\n",
       "      <td>0.033743</td>\n",
       "      <td>0.091643</td>\n",
       "      <td>0.335583</td>\n",
       "      <td>1.000000</td>\n",
       "      <td>0.160173</td>\n",
       "      <td>0.317616</td>\n",
       "      <td>0.319025</td>\n",
       "      <td>0.163913</td>\n",
       "      <td>0.433022</td>\n",
       "      <td>0.425073</td>\n",
       "      <td>-0.284777</td>\n",
       "      <td>0.369531</td>\n",
       "      <td>0.029447</td>\n",
       "      <td>0.907717</td>\n",
       "      <td>0.434433</td>\n",
       "      <td>0.315576</td>\n",
       "    </tr>\n",
       "    <tr>\n",
       "      <th>OnlineSecurity</th>\n",
       "      <td>0.021603</td>\n",
       "      <td>-0.036485</td>\n",
       "      <td>0.145272</td>\n",
       "      <td>0.088248</td>\n",
       "      <td>0.321803</td>\n",
       "      <td>-0.102215</td>\n",
       "      <td>0.094090</td>\n",
       "      <td>0.160173</td>\n",
       "      <td>1.000000</td>\n",
       "      <td>0.268132</td>\n",
       "      <td>0.280324</td>\n",
       "      <td>0.353521</td>\n",
       "      <td>0.173911</td>\n",
       "      <td>0.186616</td>\n",
       "      <td>0.246608</td>\n",
       "      <td>-0.002107</td>\n",
       "      <td>0.172599</td>\n",
       "      <td>0.295334</td>\n",
       "      <td>0.408466</td>\n",
       "      <td>-0.166174</td>\n",
       "    </tr>\n",
       "    <tr>\n",
       "      <th>OnlineBackup</th>\n",
       "      <td>0.026409</td>\n",
       "      <td>0.083121</td>\n",
       "      <td>0.144580</td>\n",
       "      <td>0.027380</td>\n",
       "      <td>0.354553</td>\n",
       "      <td>-0.047848</td>\n",
       "      <td>0.202748</td>\n",
       "      <td>0.317616</td>\n",
       "      <td>0.268132</td>\n",
       "      <td>1.000000</td>\n",
       "      <td>0.296703</td>\n",
       "      <td>0.282705</td>\n",
       "      <td>0.283671</td>\n",
       "      <td>0.273234</td>\n",
       "      <td>0.158266</td>\n",
       "      <td>0.126865</td>\n",
       "      <td>0.158413</td>\n",
       "      <td>0.446769</td>\n",
       "      <td>0.509573</td>\n",
       "      <td>-0.079801</td>\n",
       "    </tr>\n",
       "    <tr>\n",
       "      <th>DeviceProtection</th>\n",
       "      <td>-0.000435</td>\n",
       "      <td>0.066034</td>\n",
       "      <td>0.164363</td>\n",
       "      <td>0.019564</td>\n",
       "      <td>0.363212</td>\n",
       "      <td>-0.077713</td>\n",
       "      <td>0.188941</td>\n",
       "      <td>0.319025</td>\n",
       "      <td>0.280324</td>\n",
       "      <td>0.296703</td>\n",
       "      <td>1.000000</td>\n",
       "      <td>0.326230</td>\n",
       "      <td>0.388768</td>\n",
       "      <td>0.403497</td>\n",
       "      <td>0.224216</td>\n",
       "      <td>0.104931</td>\n",
       "      <td>0.180491</td>\n",
       "      <td>0.483257</td>\n",
       "      <td>0.527463</td>\n",
       "      <td>-0.064102</td>\n",
       "    </tr>\n",
       "    <tr>\n",
       "      <th>TechSupport</th>\n",
       "      <td>0.006752</td>\n",
       "      <td>-0.060911</td>\n",
       "      <td>0.130111</td>\n",
       "      <td>0.072248</td>\n",
       "      <td>0.313915</td>\n",
       "      <td>-0.111825</td>\n",
       "      <td>0.093279</td>\n",
       "      <td>0.163913</td>\n",
       "      <td>0.353521</td>\n",
       "      <td>0.282705</td>\n",
       "      <td>0.326230</td>\n",
       "      <td>1.000000</td>\n",
       "      <td>0.271824</td>\n",
       "      <td>0.276030</td>\n",
       "      <td>0.288531</td>\n",
       "      <td>0.030965</td>\n",
       "      <td>0.176927</td>\n",
       "      <td>0.330641</td>\n",
       "      <td>0.422193</td>\n",
       "      <td>-0.164398</td>\n",
       "    </tr>\n",
       "    <tr>\n",
       "      <th>StreamingTV</th>\n",
       "      <td>0.012226</td>\n",
       "      <td>0.114115</td>\n",
       "      <td>0.128223</td>\n",
       "      <td>-0.016426</td>\n",
       "      <td>0.269105</td>\n",
       "      <td>-0.036102</td>\n",
       "      <td>0.241986</td>\n",
       "      <td>0.433022</td>\n",
       "      <td>0.173911</td>\n",
       "      <td>0.283671</td>\n",
       "      <td>0.388768</td>\n",
       "      <td>0.271824</td>\n",
       "      <td>1.000000</td>\n",
       "      <td>0.526691</td>\n",
       "      <td>0.104155</td>\n",
       "      <td>0.225250</td>\n",
       "      <td>0.105950</td>\n",
       "      <td>0.626653</td>\n",
       "      <td>0.508267</td>\n",
       "      <td>0.079656</td>\n",
       "    </tr>\n",
       "    <tr>\n",
       "      <th>StreamingMovies</th>\n",
       "      <td>0.021835</td>\n",
       "      <td>0.128221</td>\n",
       "      <td>0.127838</td>\n",
       "      <td>-0.035688</td>\n",
       "      <td>0.288481</td>\n",
       "      <td>-0.044218</td>\n",
       "      <td>0.247713</td>\n",
       "      <td>0.425073</td>\n",
       "      <td>0.186616</td>\n",
       "      <td>0.273234</td>\n",
       "      <td>0.403497</td>\n",
       "      <td>0.276030</td>\n",
       "      <td>0.526691</td>\n",
       "      <td>1.000000</td>\n",
       "      <td>0.112733</td>\n",
       "      <td>0.207136</td>\n",
       "      <td>0.118847</td>\n",
       "      <td>0.622089</td>\n",
       "      <td>0.523068</td>\n",
       "      <td>0.059381</td>\n",
       "    </tr>\n",
       "    <tr>\n",
       "      <th>Contract</th>\n",
       "      <td>0.005900</td>\n",
       "      <td>-0.143814</td>\n",
       "      <td>0.292177</td>\n",
       "      <td>0.244898</td>\n",
       "      <td>0.671170</td>\n",
       "      <td>-0.008827</td>\n",
       "      <td>0.094907</td>\n",
       "      <td>-0.284777</td>\n",
       "      <td>0.246608</td>\n",
       "      <td>0.158266</td>\n",
       "      <td>0.224216</td>\n",
       "      <td>0.288531</td>\n",
       "      <td>0.104155</td>\n",
       "      <td>0.112733</td>\n",
       "      <td>1.000000</td>\n",
       "      <td>-0.166932</td>\n",
       "      <td>0.291267</td>\n",
       "      <td>-0.072989</td>\n",
       "      <td>0.450487</td>\n",
       "      <td>-0.403152</td>\n",
       "    </tr>\n",
       "    <tr>\n",
       "      <th>PaperlessBilling</th>\n",
       "      <td>0.009350</td>\n",
       "      <td>0.152825</td>\n",
       "      <td>-0.006516</td>\n",
       "      <td>-0.107969</td>\n",
       "      <td>0.009223</td>\n",
       "      <td>0.017776</td>\n",
       "      <td>0.159566</td>\n",
       "      <td>0.369531</td>\n",
       "      <td>-0.002107</td>\n",
       "      <td>0.126865</td>\n",
       "      <td>0.104931</td>\n",
       "      <td>0.030965</td>\n",
       "      <td>0.225250</td>\n",
       "      <td>0.207136</td>\n",
       "      <td>-0.166932</td>\n",
       "      <td>1.000000</td>\n",
       "      <td>0.015158</td>\n",
       "      <td>0.346334</td>\n",
       "      <td>0.159429</td>\n",
       "      <td>0.189888</td>\n",
       "    </tr>\n",
       "    <tr>\n",
       "      <th>PaymentMethod</th>\n",
       "      <td>0.011393</td>\n",
       "      <td>-0.004485</td>\n",
       "      <td>0.162344</td>\n",
       "      <td>0.077339</td>\n",
       "      <td>0.389974</td>\n",
       "      <td>0.001567</td>\n",
       "      <td>0.132071</td>\n",
       "      <td>0.029447</td>\n",
       "      <td>0.172599</td>\n",
       "      <td>0.158413</td>\n",
       "      <td>0.180491</td>\n",
       "      <td>0.176927</td>\n",
       "      <td>0.105950</td>\n",
       "      <td>0.118847</td>\n",
       "      <td>0.291267</td>\n",
       "      <td>0.015158</td>\n",
       "      <td>1.000000</td>\n",
       "      <td>0.120193</td>\n",
       "      <td>0.323540</td>\n",
       "      <td>-0.166428</td>\n",
       "    </tr>\n",
       "    <tr>\n",
       "      <th>MonthlyCharges</th>\n",
       "      <td>0.018596</td>\n",
       "      <td>0.221413</td>\n",
       "      <td>0.106155</td>\n",
       "      <td>-0.107569</td>\n",
       "      <td>0.244038</td>\n",
       "      <td>0.242753</td>\n",
       "      <td>0.480175</td>\n",
       "      <td>0.907717</td>\n",
       "      <td>0.295334</td>\n",
       "      <td>0.446769</td>\n",
       "      <td>0.483257</td>\n",
       "      <td>0.330641</td>\n",
       "      <td>0.626653</td>\n",
       "      <td>0.622089</td>\n",
       "      <td>-0.072989</td>\n",
       "      <td>0.346334</td>\n",
       "      <td>0.120193</td>\n",
       "      <td>1.000000</td>\n",
       "      <td>0.652798</td>\n",
       "      <td>0.197165</td>\n",
       "    </tr>\n",
       "    <tr>\n",
       "      <th>TotalCharges</th>\n",
       "      <td>0.008690</td>\n",
       "      <td>0.101990</td>\n",
       "      <td>0.327202</td>\n",
       "      <td>0.070856</td>\n",
       "      <td>0.822525</td>\n",
       "      <td>0.111149</td>\n",
       "      <td>0.456315</td>\n",
       "      <td>0.434433</td>\n",
       "      <td>0.408466</td>\n",
       "      <td>0.509573</td>\n",
       "      <td>0.527463</td>\n",
       "      <td>0.422193</td>\n",
       "      <td>0.508267</td>\n",
       "      <td>0.523068</td>\n",
       "      <td>0.450487</td>\n",
       "      <td>0.159429</td>\n",
       "      <td>0.323540</td>\n",
       "      <td>0.652798</td>\n",
       "      <td>1.000000</td>\n",
       "      <td>-0.187376</td>\n",
       "    </tr>\n",
       "    <tr>\n",
       "      <th>Discontinued</th>\n",
       "      <td>0.009610</td>\n",
       "      <td>0.152664</td>\n",
       "      <td>-0.150313</td>\n",
       "      <td>-0.165446</td>\n",
       "      <td>-0.344429</td>\n",
       "      <td>0.015895</td>\n",
       "      <td>0.042595</td>\n",
       "      <td>0.315576</td>\n",
       "      <td>-0.166174</td>\n",
       "      <td>-0.079801</td>\n",
       "      <td>-0.064102</td>\n",
       "      <td>-0.164398</td>\n",
       "      <td>0.079656</td>\n",
       "      <td>0.059381</td>\n",
       "      <td>-0.403152</td>\n",
       "      <td>0.189888</td>\n",
       "      <td>-0.166428</td>\n",
       "      <td>0.197165</td>\n",
       "      <td>-0.187376</td>\n",
       "      <td>1.000000</td>\n",
       "    </tr>\n",
       "  </tbody>\n",
       "</table>\n",
       "</div>"
      ],
      "text/plain": [
       "                    gender  SeniorCitizen   Partner  Dependents    tenure  \\\n",
       "gender            1.000000       0.008058  0.009926   -0.012358  0.001276   \n",
       "SeniorCitizen     0.008058       1.000000  0.019705   -0.217911  0.013427   \n",
       "Partner           0.009926       0.019705  1.000000    0.456296  0.388151   \n",
       "Dependents       -0.012358      -0.217911  0.456296    1.000000  0.170039   \n",
       "tenure            0.001276       0.013427  0.388151    0.170039  1.000000   \n",
       "PhoneService      0.002100      -0.003393  0.011418   -0.006000  0.006648   \n",
       "MultipleLines     0.001972       0.132697  0.131955   -0.025398  0.322456   \n",
       "InternetService   0.013781       0.258504  0.010862   -0.172260  0.033743   \n",
       "OnlineSecurity    0.021603      -0.036485  0.145272    0.088248  0.321803   \n",
       "OnlineBackup      0.026409       0.083121  0.144580    0.027380  0.354553   \n",
       "DeviceProtection -0.000435       0.066034  0.164363    0.019564  0.363212   \n",
       "TechSupport       0.006752      -0.060911  0.130111    0.072248  0.313915   \n",
       "StreamingTV       0.012226       0.114115  0.128223   -0.016426  0.269105   \n",
       "StreamingMovies   0.021835       0.128221  0.127838   -0.035688  0.288481   \n",
       "Contract          0.005900      -0.143814  0.292177    0.244898  0.671170   \n",
       "PaperlessBilling  0.009350       0.152825 -0.006516   -0.107969  0.009223   \n",
       "PaymentMethod     0.011393      -0.004485  0.162344    0.077339  0.389974   \n",
       "MonthlyCharges    0.018596       0.221413  0.106155   -0.107569  0.244038   \n",
       "TotalCharges      0.008690       0.101990  0.327202    0.070856  0.822525   \n",
       "Discontinued      0.009610       0.152664 -0.150313   -0.165446 -0.344429   \n",
       "\n",
       "                  PhoneService  MultipleLines  InternetService  \\\n",
       "gender                0.002100       0.001972         0.013781   \n",
       "SeniorCitizen        -0.003393       0.132697         0.258504   \n",
       "Partner               0.011418       0.131955         0.010862   \n",
       "Dependents           -0.006000      -0.025398        -0.172260   \n",
       "tenure                0.006648       0.322456         0.033743   \n",
       "PhoneService          1.000000       0.282921         0.091643   \n",
       "MultipleLines         0.282921       1.000000         0.335583   \n",
       "InternetService       0.091643       0.335583         1.000000   \n",
       "OnlineSecurity       -0.102215       0.094090         0.160173   \n",
       "OnlineBackup         -0.047848       0.202748         0.317616   \n",
       "DeviceProtection     -0.077713       0.188941         0.319025   \n",
       "TechSupport          -0.111825       0.093279         0.163913   \n",
       "StreamingTV          -0.036102       0.241986         0.433022   \n",
       "StreamingMovies      -0.044218       0.247713         0.425073   \n",
       "Contract             -0.008827       0.094907        -0.284777   \n",
       "PaperlessBilling      0.017776       0.159566         0.369531   \n",
       "PaymentMethod         0.001567       0.132071         0.029447   \n",
       "MonthlyCharges        0.242753       0.480175         0.907717   \n",
       "TotalCharges          0.111149       0.456315         0.434433   \n",
       "Discontinued          0.015895       0.042595         0.315576   \n",
       "\n",
       "                  OnlineSecurity  OnlineBackup  DeviceProtection  TechSupport  \\\n",
       "gender                  0.021603      0.026409         -0.000435     0.006752   \n",
       "SeniorCitizen          -0.036485      0.083121          0.066034    -0.060911   \n",
       "Partner                 0.145272      0.144580          0.164363     0.130111   \n",
       "Dependents              0.088248      0.027380          0.019564     0.072248   \n",
       "tenure                  0.321803      0.354553          0.363212     0.313915   \n",
       "PhoneService           -0.102215     -0.047848         -0.077713    -0.111825   \n",
       "MultipleLines           0.094090      0.202748          0.188941     0.093279   \n",
       "InternetService         0.160173      0.317616          0.319025     0.163913   \n",
       "OnlineSecurity          1.000000      0.268132          0.280324     0.353521   \n",
       "OnlineBackup            0.268132      1.000000          0.296703     0.282705   \n",
       "DeviceProtection        0.280324      0.296703          1.000000     0.326230   \n",
       "TechSupport             0.353521      0.282705          0.326230     1.000000   \n",
       "StreamingTV             0.173911      0.283671          0.388768     0.271824   \n",
       "StreamingMovies         0.186616      0.273234          0.403497     0.276030   \n",
       "Contract                0.246608      0.158266          0.224216     0.288531   \n",
       "PaperlessBilling       -0.002107      0.126865          0.104931     0.030965   \n",
       "PaymentMethod           0.172599      0.158413          0.180491     0.176927   \n",
       "MonthlyCharges          0.295334      0.446769          0.483257     0.330641   \n",
       "TotalCharges            0.408466      0.509573          0.527463     0.422193   \n",
       "Discontinued           -0.166174     -0.079801         -0.064102    -0.164398   \n",
       "\n",
       "                  StreamingTV  StreamingMovies  Contract  PaperlessBilling  \\\n",
       "gender               0.012226         0.021835  0.005900          0.009350   \n",
       "SeniorCitizen        0.114115         0.128221 -0.143814          0.152825   \n",
       "Partner              0.128223         0.127838  0.292177         -0.006516   \n",
       "Dependents          -0.016426        -0.035688  0.244898         -0.107969   \n",
       "tenure               0.269105         0.288481  0.671170          0.009223   \n",
       "PhoneService        -0.036102        -0.044218 -0.008827          0.017776   \n",
       "MultipleLines        0.241986         0.247713  0.094907          0.159566   \n",
       "InternetService      0.433022         0.425073 -0.284777          0.369531   \n",
       "OnlineSecurity       0.173911         0.186616  0.246608         -0.002107   \n",
       "OnlineBackup         0.283671         0.273234  0.158266          0.126865   \n",
       "DeviceProtection     0.388768         0.403497  0.224216          0.104931   \n",
       "TechSupport          0.271824         0.276030  0.288531          0.030965   \n",
       "StreamingTV          1.000000         0.526691  0.104155          0.225250   \n",
       "StreamingMovies      0.526691         1.000000  0.112733          0.207136   \n",
       "Contract             0.104155         0.112733  1.000000         -0.166932   \n",
       "PaperlessBilling     0.225250         0.207136 -0.166932          1.000000   \n",
       "PaymentMethod        0.105950         0.118847  0.291267          0.015158   \n",
       "MonthlyCharges       0.626653         0.622089 -0.072989          0.346334   \n",
       "TotalCharges         0.508267         0.523068  0.450487          0.159429   \n",
       "Discontinued         0.079656         0.059381 -0.403152          0.189888   \n",
       "\n",
       "                  PaymentMethod  MonthlyCharges  TotalCharges  Discontinued  \n",
       "gender                 0.011393        0.018596      0.008690      0.009610  \n",
       "SeniorCitizen         -0.004485        0.221413      0.101990      0.152664  \n",
       "Partner                0.162344        0.106155      0.327202     -0.150313  \n",
       "Dependents             0.077339       -0.107569      0.070856     -0.165446  \n",
       "tenure                 0.389974        0.244038      0.822525     -0.344429  \n",
       "PhoneService           0.001567        0.242753      0.111149      0.015895  \n",
       "MultipleLines          0.132071        0.480175      0.456315      0.042595  \n",
       "InternetService        0.029447        0.907717      0.434433      0.315576  \n",
       "OnlineSecurity         0.172599        0.295334      0.408466     -0.166174  \n",
       "OnlineBackup           0.158413        0.446769      0.509573     -0.079801  \n",
       "DeviceProtection       0.180491        0.483257      0.527463     -0.064102  \n",
       "TechSupport            0.176927        0.330641      0.422193     -0.164398  \n",
       "StreamingTV            0.105950        0.626653      0.508267      0.079656  \n",
       "StreamingMovies        0.118847        0.622089      0.523068      0.059381  \n",
       "Contract               0.291267       -0.072989      0.450487     -0.403152  \n",
       "PaperlessBilling       0.015158        0.346334      0.159429      0.189888  \n",
       "PaymentMethod          1.000000        0.120193      0.323540     -0.166428  \n",
       "MonthlyCharges         0.120193        1.000000      0.652798      0.197165  \n",
       "TotalCharges           0.323540        0.652798      1.000000     -0.187376  \n",
       "Discontinued          -0.166428        0.197165     -0.187376      1.000000  "
      ]
     },
     "execution_count": 32,
     "metadata": {},
     "output_type": "execute_result"
    }
   ],
   "source": [
    "s = numerize_csv('train.csv', train=True, expand_classes=False).corr()\n",
    "s"
   ]
  },
  {
   "cell_type": "code",
   "execution_count": 31,
   "metadata": {},
   "outputs": [
    {
     "name": "stdout",
     "output_type": "stream",
     "text": [
      "[0.02403968590976204, 0.020595615027308733, 0.022544488409292157, 0.16259160012279403, 0.007129687611155309, 0.016476672392128536, 0.09589052137493745, 0.03054153605552118, 0.017841271059876214, 0.014810322655200228, 0.033132793573917275, 0.021043025201403314, 0.018339630283276846, 0.14075353483865663, 0.037416117985312254, 0.05876638366766373, 0.13647821440139632, 0.14160889943039787]\n",
      "tenure\n",
      "Dependents\n",
      "MonthlyCharges\n",
      "StreamingMovies\n",
      "PaymentMethod\n",
      "MultipleLines\n",
      "PaperlessBilling\n",
      "Contract\n",
      "DeviceProtection\n",
      "InternetService\n"
     ]
    }
   ],
   "source": [
    "importances = list(model.feature_importances_)\n",
    "print(importances)\n",
    "sorted_importances = sorted(importances)\n",
    "for i in range(10):\n",
    "    importance = sorted_importances[-i]\n",
    "    print(s.index[importances.index(importance)])"
   ]
  },
  {
   "cell_type": "code",
   "execution_count": null,
   "metadata": {},
   "outputs": [],
   "source": []
  }
 ],
 "metadata": {
  "kernelspec": {
   "display_name": "Python 3",
   "language": "python",
   "name": "python3"
  },
  "language_info": {
   "codemirror_mode": {
    "name": "ipython",
    "version": 3
   },
   "file_extension": ".py",
   "mimetype": "text/x-python",
   "name": "python",
   "nbconvert_exporter": "python",
   "pygments_lexer": "ipython3",
   "version": "3.11.2"
  }
 },
 "nbformat": 4,
 "nbformat_minor": 2
}
